
state={
	id=267
	name="STATE_267"
	provinces={
		162 398 755 768 773 929 1160 1162 1288 1381 1699 2417 3196 3650 3722 3755 3802 3877 3917 4046 5059 5207 5486 5783 5934 5983 6009 6053 6346 6548 6566 6874 6889 6896 7272 7307 7722 7872 8011 11138 11200 11213 11238 11248 11270 11275 11304 11319 11325 11341 11373 11387 11405 11451 11460 11466 11483 11494 11540 11547 11559 11620 11677 11706 11746 11758 11811 11895 11912 
	}
	manpower = 1

	state_category = wasteland

	buildings_max_level_factor=1.000
}
