
state={
	id=278
	name="STATE_278"
	provinces={
		84 187 380 453 690 748 839 955 1237 1462 1514 1581 2076 2591 2622 2743 3018 3249 3728 4067 5354 5572 5940 6198 6221 6646 6741 6980 7213 7417 7528 7696 7728 7750 7776 7999 11171 11228 11290 11383 11384 11420 11432 11433 11475 11491 11515 11552 11558 11567 11580 11585 11628 11629 11636 11637 11654 11664 11683 11692 11704 11719 11766 11774 11789 11797 11853 11854 11855 11986 
	}
	manpower = 1

	state_category = wasteland

	buildings_max_level_factor=1.000
}
