
state={
	id=316
	name="STATE_316"
	provinces={
		3 51 167 194 363 574 1212 1234 1745 1774 1951 2186 3035 3394 3426 3671 3764 3829 4147 4186 4499 4665 4793 4975 5084 5159 5348 5524 5718 5758 6642 6671 6937 6942 7022 7146 7573 7577 7590 7693 7925 11765 11773 11788 11818 11865 11889 11903 11940 11953 11975 12046 12055 12095 12101 12137 12138 12192 12272 12299 12312 12342 12351 12382 12389 12442 12457 12530 12534 12604 
	}
	manpower = 1

	state_category = wasteland

	buildings_max_level_factor=1.000
}
