
state={
	id=336
	name="STATE_336"
	provinces={
		105 348 356 365 514 646 689 716 770 771 953 1033 1050 1147 1496 1852 2117 2161 2272 2275 2486 2502 2574 2640 3055 3106 3290 3305 3331 3534 3536 3554 3964 4210 4475 4587 4671 4837 4857 4888 5233 5242 5608 5744 5828 6306 6425 6432 6544 6572 6782 7477 7552 7616 7904 12153 12235 12321 12390 12419 12461 12486 12502 12509 12552 12555 12574 12583 12603 12605 12621 12630 12631 12632 12639 12660 12661 12675 12676 12688 12698 12707 12708 12713 12719 12730 12739 12755 12756 12767 12768 12769 12782 12797 12810 12840 12858 12885 12901 12960 13047 
	}
	manpower = 1

	state_category = wasteland

	buildings_max_level_factor=1.000
}
