
state={
	id=460
	name="STATE_460"
	provinces={
		44 317 456 600 1527 1769 1831 1952 2365 2386 2469 2805 3448 3466 3730 3742 3781 4324 4464 4501 4558 4778 5142 5482 5716 5752 5986 6032 6056 6938 7292 7669 7739 7894 7942 13837 13840 13864 13868 13880 13883 13909 13916 13921 13922 13929 13942 13950 13958 13961 13966 13981 14004 14020 14027 14032 14066 14068 14092 14094 14107 14113 14114 14124 14143 14167 14191 14291 14307 14332 14376 
	}
	manpower = 1

	state_category = wasteland

	buildings_max_level_factor=1.000
}
