
state={
	id=462
	name="STATE_462"
	provinces={
		83 96 215 528 558 568 641 897 1048 1116 1229 1366 1686 1964 2122 2168 2231 2235 2441 2521 2754 2794 2856 2965 3052 3086 3646 3712 3916 3951 4012 4098 4193 4360 4407 4687 4751 4754 5504 5618 5982 6106 6251 6402 6768 6787 7007 7150 7247 7281 7361 7534 7649 7805 7953 13873 13914 13960 13993 14037 14058 14075 14090 14196 14197 14211 14235 14246 14251 14280 14308 14310 14324 14339 14350 14359 14372 14380 14399 14409 14435 14443 14444 14469 14473 14476 14480 14504 14514 14527 14528 14535 14549 14550 14564 14568 14572 14589 14590 14595 14601 14611 
	}
	manpower = 1

	state_category = wasteland

	buildings_max_level_factor=1.000
}
