
state={
	id=153
	name="STATE_153"
	provinces={
		239 256 603 604 1065 1260 1373 1471 1563 2200 2279 2564 2611 2939 3011 3210 3247 3276 3576 3588 4294 4534 4646 4828 5281 5381 5446 5624 5659 5717 6373 6508 7081 7137 7439 7572 7717 7811 9596 9605 9631 9632 9650 9691 9692 9712 9713 9719 9745 9761 9762 9771 9787 9794 9800 9809 9830 9831 9832 9840 9863 9864 9870 9871 9877 9878 9879 9930 9946 9962 9963 9978 9989 10004 10017 10029 10039 10057 10090 10107 
	}
	manpower = 1

	state_category = wasteland

	buildings_max_level_factor=1.000
}
