
state={
	id=161
	name="STATE_161"
	provinces={
		349 754 1077 1214 1243 1433 1478 1583 1678 1762 1811 2723 2758 2850 3178 3223 3286 3353 3559 3993 4017 4033 4036 4248 4340 4402 4614 4693 4719 4755 4838 4929 5035 5211 5248 5257 5401 5676 6468 6858 7268 7489 7588 7895 7998 9046 9268 9298 9350 9409 9417 9495 9568 9619 9651 9699 9734 9772 9801 9915 9949 9957 9958 10010 10019 10020 10031 10041 10099 10100 10108 10153 10278 10286 10332 10376 10402 10435 10436 10494 
	}
	manpower=0
	buildings_max_level_factor=1.000
}
