
state={
	id=273
	name="STATE_273"
	provinces={
		623 671 753 843 1044 1120 1140 1223 1571 1574 1644 2027 2109 2227 2252 2534 2649 2688 2816 3016 3116 3121 3274 3771 3815 4117 4169 4214 4443 4451 4575 4613 4630 4841 4967 4988 5139 5285 5376 5621 5867 5987 6701 6776 6850 6998 7044 7086 7334 7395 7449 7697 7994 10940 11004 11012 11025 11036 11097 11107 11144 11145 11166 11178 11229 11246 11247 11255 11263 11280 11299 11347 11381 11385 11386 11404 11421 11440 11450 11529 11569 11724 11757 11830 
	}
	manpower=0
	buildings_max_level_factor=1.000
}
