state={
	id=309
	name="STATE_309"
	provinces={
		138 275 642 784 790 922 958 973 997 1215 1614 1868 1884 1994 2583 3348 3363 3529 3570 3807 4102 4116 4396 4439 5105 5205 5557 5978 6867 6904 7162 7241 7306 7581 7976 8019 11768 11859 11867 11876 11922 11934 11957 11999 12031 12040 12098 12108 12117 12126 12132 12158 12203 12215 12247 12248 12249 12305 12306 12319 12324 12336 12397 12403 12415 12485 12544 12634 12750 
	}
	manpower=0
	buildings_max_level_factor=1.000
	history={
	Owner = GXC
	add_core_of = GXC
	}
}
