state={
	id=351
	name="STATE_351"
	provinces={
		110 457 841 1156 1313 1411 1470 1494 1669 1890 1983 2465 2519 4552 4699 4720 4882 5199 5469 5521 5709 5755 5841 6103 6305 6659 6763 7114 7385 7561 7667 12290 12334 12392 12436 12496 12507 12521 12539 12543 12558 12569 12576 12594 12598 12615 12625 12633 12657 12664 12691 12692 12736 12743 12749 12778 12800 12808 12811 12828 12854 12878 12909 12910 12930 12979 13018 13076 13094 13119 13191 
	}
	manpower=0
	buildings_max_level_factor=1.000
	history={
	Owner = GXC
	add_core_of = GXC
	}
}
