
state={
	id=363
	name="STATE_363"

	history={
		Owner = SHX
		add_core_of = SHX

	}

	provinces={
		91 735 804 969 1039 1353 1588 1720 1740 1749 1833 1950 2041 2104 2284 2422 2589 2644 2657 2729 2827 3296 3384 3395 3832 4137 5217 5498 5523 5990 6031 6347 6923 6924 6977 7097 7238 7300 7791 8015 12564 12655 12656 12701 12732 12742 12803 12804 12818 12819 12843 12859 12907 12908 12929 12941 12964 12991 13002 13015 13016 13028 13029 13070 13081 13155 13173 13224 13225 13298 
	}
	manpower=0
	buildings_max_level_factor=1.000
}
