
state={
	id=468
	name="STATE_468"
	provinces={
		57 488 589 1062 1074 1173 1606 1845 1878 1933 1975 2045 2183 2207 2263 2435 2862 3508 3831 4256 4288 4395 4540 4560 4722 4985 5109 5149 5595 5607 5614 5648 5672 6551 6561 6571 6649 7569 7723 7778 7901 14295 14334 14358 14373 14386 14395 14416 14420 14431 14451 14452 14453 14458 14474 14485 14486 14507 14522 14533 14537 14544 14547 14548 14554 14563 14571 14574 14581 14587 14596 14603 14627 14628 
	}
	manpower = 1

	state_category = wasteland

	buildings_max_level_factor=1.000
}
