
state={
	id=68
	name="STATE_68"
	provinces={
		4968 10 9076 4732 153 223 480 515 658 778 799 830 944 1369 1435 1638 1814 1910 1930 2084 2131 2153 2265 2372 2508 2566 2575 2603 2628 2712 2724 2922 2947 3006 3065 3083 3107 3326 3378 3515 3566 3581 3604 3692 3763 3769 3778 4053 4060 4062 4064 4097 4101 4341 4343 4478 4502 4591 4791 4812 4900 4933 5007 5078 5107 5361 5405 5429 5480 5535 5555 5578 5585 5597 5613 5642 5868 5903 5933 5942 6012 6023 6176 6311 6366 6415 6428 6434 6519 6770 6982 7026 7231 7254 7356 7445 7804 7850 8179 8194 8204 8208 8216 8224 8230 8235 8243 8282 8288 8315 8324 8325 8328 8358 8362 8385 8387 8391 8410 8421 8422 8436 8445 8450 8483 8501 8503 8528 8529 8532 8536 8553 8564 8566 8575 8576 8582 8583 8595 8602 8615 8616 8624 8629 8633 8650 8677 8678 8702 8719 8742 8745 8750 8765 8791 8886 8893 8903 8913 8951 8965 8978 8987 8991 8992 9014 9034 9037 9047 9072 9075 9098 9104 9146 9157 9165 9175 9181 9211 9226 9227 9232 9279 9292 9310 9314 9374 9375 9471 9506 9754 9764 9884 10032 
	}
	manpower = 1

	state_category = wasteland

	buildings_max_level_factor=1.000
}
